S3_URL,50_word_description
https://futraichat.s3.ap-south-1.amazonaws.com/app_content/mallika/videos/1750492645_1749295121_Mallika1032.mp4,"Young woman, confident expression, direct gaze, slight smile, long dark wavy hair, sitting, relaxed posture, red two-piece embellished costume, rhinestones, beaded fringe, deep cleavage, exposed midriff, upper thighs visible, vibrant red, blue accents, silver, ornate drop earrings, outdoor patio, dark wooden swing, carved details, tropical foliage"
https://futraichat.s3.ap-south-1.amazonaws.com/app_content/mallika/images/1750492645_1749295125_20.jpg,"Female character, flowing dark wavy hair, light beige strapless bikini top, matching high-waisted bikini bottoms, two-piece swimwear, elegant, indoor setting, large window, natural light, soft highlights, blurred city background, standing pose, direct gaze, subtle smile, confident expression, relaxed body language, alluring, slender, toned physique, modern, fashionable, appealing, warm ambient lighting, bright room, serene atmosphere, intimate."
https://futraichat.s3.ap-south-1.amazonaws.com/app_content/mallika/images/1750492645_1749295130_43.jpg,"Female character, lying on back, luxurious dark bed sheets, opulent setting, sheer black lace bodysuit, long sleeves, deep V-neckline, intricate baroque patterns, blue sparkling sequins, revealing attire, sensual pose, hands clasped over bust, delicate gesture, eyes closed, full red lipstick, dark long wavy hair spread out, shiny black thigh-high boots, intimate bedroom ambiance, low dramatic lighting, alluring, seductive expression"
https://futraichat.s3.ap-south-1.amazonaws.com/app_content/mallika/images/1750492645_1749295117_45.jpg,"Young woman, dark long wavy hair, direct captivating gaze, alluring facial expression, slight smile, seated posture, wearing vibrant red sheer lace bodysuit, intricate floral embroidery, partially exposing breasts, red lace choker, elegant pearl drop earrings, black sheer thigh-high stockings, red lace tops, luxurious opulent room, ornate golden lamp, patterned curtains, dark red velvet furniture, confident, poised"
https://futraichat.s3.ap-south-1.amazonaws.com/app_content/mallika/videos/1750492646_1749295131_Mallika1020.mp4,"Dark green two-piece lingerie, gold chain embellishments, cut-out bralette with gold stars, tie-side brief, luxurious indoor setting, ornate white mirror, classic white armchair, green potted plants, elegant side table, confident standing pose, direct gaze, subtle smile, hand touching hair, other hand on hip, alluring."
https://futraichat.s3.ap-south-1.amazonaws.com/app_content/mallika/images/1750492646_1749295116_2.jpg,"White lace bralette, delicate pattern, white string thong, partially open white button-up shirt, draped, indoors, sunlit room, large window background, standing, relaxed pose, confident, gentle smile, pleasant facial expression, direct gaze, long dark wavy hair, flowing, slender figure, flat stomach, navel visible, subtle hand gesture, window frame, natural light"
https://futraichat.s3.ap-south-1.amazonaws.com/app_content/mallika/images/1750492646_1750443289_1750180141_9023.jpg,"Young woman, long dark wavy hair, white ribbed tank top, blue jeans, gold bracelet, holding small brown cup, standing outdoors, urban street scene, city buildings, green trees, power lines, asphalt road, pedestrians, motorcycle visible, looking thoughtfully, gentle gaze, calm expression, relaxed posture, natural makeup, daytime street"
https://futraichat.s3.ap-south-1.amazonaws.com/app_content/mallika/videos/1750492646_1749295118_Mallika1029.mp4,"Female character, dark hair, luxurious gold sequined two-piece, halter-neck top, revealing cleavage, high-cut bottom, ornate, decorative, gold, pearl necklaces, choker, long earrings, stacked bracelets, belly piercing, tanned skin, leaning, posing, direct gaze, confident, elegant, opulent, indoor, palatial setting, arched columns, glass ceiling, tiled pool, lush palms, warm lighting"
https://futraichat.s3.ap-south-1.amazonaws.com/app_content/mallika/videos/1750492647_1749295128_Mallika008.mp4,"Red sheer veil, intricate gold embroidery, elegant character, dark wavy hair, red lace bra, matching thong, sensual lingerie set, golden embellishment, exposed décolletage, midriff, shapely legs, standing pose, opulent indoor setting, draped curtains, tall pillars, potted plants, scattered rose petals, soft lighting, serene expression, downcast eyes, red lips, delicate hand gestures."
https://futraichat.s3.ap-south-1.amazonaws.com/app_content/mallika/videos/1750492647_1749295134_Mallika1033.mp4,"Female, exotic, purple, two-piece, ornate, costume, elaborate, silver, pearl, beading, high-cut, bottom, flowing, fabric, chandelier, earrings, matching, bracelets, standing, outdoor, balcony, veranda, light, stone, pillars, decorative, railings, orange, patterned, curtain, green, foliage, background, poised, elegant, hands, clasped, direct, gaze, confident, expression, alluring, glamorous, attire"
https://futraichat.s3.ap-south-1.amazonaws.com/app_content/mallika/videos/1750492647_1749295124_Mallika1028.mp4,"Long brown wavy hair, large silver dangling earrings, black embellished bra top, sparkling white gemstones, decorative hanging beads, outdoor garden setting, vibrant pink bougainvillea flowers, lush green foliage, warm golden hour sunlight, direct confident gaze, slightly open lips, alluring body language, arm casually raised, inviting atmosphere, exotic."
https://futraichat.s3.ap-south-1.amazonaws.com/app_content/mallika/videos/1750492647_1749295119_Mallika005.mp4,"Female character, long dark hair, emerald green ornate bra, gold embroidery, sheer green fabric, elaborate gold and emerald necklace, dangling earrings, closed eyes, serene expression, slightly parted lips, confident, alluring, graceful pose, red wall, gold damask pattern, rich background, luxurious setting, indoor, exposing midriff, cleavage"
https://futraichat.s3.ap-south-1.amazonaws.com/app_content/mallika/images/1750492648_1749295120_46.jpg,"dark green velvet bikini, triangle top, string bottom, seated on white blanket, indoor setting, soft natural light, window in background, dark hair, messy bun, arm raised, hand near head, looking down, calm expression, serene, slightly parted lips, relaxed body, sensual pose, belly button piercing, elegant, alluring"
https://futraichat.s3.ap-south-1.amazonaws.com/app_content/mallika/images/1750492648_1749295127_8.jpg,"Alluring, elegant, confident, long dark hair, brown eyes, direct gaze, subtle smile, full lips, light brown fur coat, draped shoulders, open, revealing, dark brown lace bodysuit, intricate floral pattern, deep visible cleavage, gold statement necklace, long pendant, sitting, relaxed posture, plush dark leather chair, warm lighting, luxurious indoor setting, opulent, glamorous, bare legs visible."
https://futraichat.s3.ap-south-1.amazonaws.com/app_content/mallika/videos/1750492648_1749295137_Mallika1017.mp4,"Female, long wavy dark hair, confident direct gaze, subtle smile, sitting, elegant, sensual, luxurious, opulent, golden, strapless, embellished, sequined, beaded, corset-style, top, revealing cleavage, deep neckline, matching, short, elaborate, bottom, pink, draped, hanging, pearls, multi-layered, choker, necklace, soft lighting, luxurious bedroom, ornate headboard, intimate, posing, glamorous, seductive"
https://futraichat.s3.ap-south-1.amazonaws.com/app_content/mallika/videos/1750492648_1749295128_Mallika007.mp4,"light blue crocheted bikini top, matching fringe bottom, two-piece swimsuit, silver accents, choker necklace, long dark wavy hair, outdoors, luxurious tropical resort, ocean background, infinity pool, white outdoor lounge furniture, wicker chair, palm trees, sunny day, standing pose, body angled, looking over shoulder, direct eye contact, confident facial expression, slightly parted lips, alluring gaze, posing for the camera, elegant, tanned skin"
https://futraichat.s3.ap-south-1.amazonaws.com/app_content/mallika/videos/1750492648_1749295127_Mallika1001.mp4,"Attractive, woman, long, dark, wavy, hair, light, pink, floral, embroidered, fringe, bikini, top, yellow, textured, bikini, bottom, gold, rings, outdoor, setting, terracotta, wall, wooden, chair, cream, cushions, dried, branches, standing, posing, relaxed, confident, direct, gaze, neutral, expression, sensual, attire"
https://futraichat.s3.ap-south-1.amazonaws.com/app_content/mallika/videos/1750492649_1749295137_Mallika1013.mp4,"Attractive woman, long dark wavy hair, captivating eyes, soft skin, light green lace lingerie set, delicate floral embroidery, sheer bra cups, matching bikini style briefs, sitting upright on a large bed, luxurious bedroom setting, cream colored tufted headboard, dark red velvet pillows, soft ambient lighting, direct confident gaze, slightly parted full lips, alluring facial expression, relaxed body posture, sensual"
https://futraichat.s3.ap-south-1.amazonaws.com/app_content/mallika/videos/1750492649_1749295135_Mallika009.mp4,"Female character, red bikini top, white beaded trim, halter neck style, cleavage visible, leaning, stone archway, ancient architecture background, domes, sunny outdoor setting, warm light, dark brown hair, eyes downcast, calm expression, serene, relaxed pose, lips slightly parted, vibrant colors, close-up, upper body, outdoor, bright."
https://futraichat.s3.ap-south-1.amazonaws.com/app_content/mallika/images/1750492649_1750086934_WhatsAppImage20250616at18.47.52.jpeg,"Woman, long dark hair, white floral two-piece set, bralette top, matching shorts, pink, red, blue flowers, green leaves, sitting, large window, city skyline, tall buildings, green trees, overcast sky, daytime, holding silver smartphone, taking selfie, relaxed, focused expression, slight smile, parted lips, red fingernails, comfortable, plush cushion, crossed legs, indoor setting, high-rise apartment, casual, stylish"
https://futraichat.s3.ap-south-1.amazonaws.com/app_content/mallika/images/1750492649_1749295115_36.jpg,"female, dark wavy hair, brown eyes, full lips, calm expression, direct gaze, confident pose, elegant, black lace bodysuit, sheer mesh, extensive silver diamond embellishments, sparkling, revealing cleavage, intricate design, glamorous, alluring, luxurious, indoor setting, soft pink drapes, intimate boudoir, headshot, upper body, shoulders, chest, slender, attractive, seductive, model, front-facing, adorned, sophisticated, radiant, beautiful, stylish, exquisite, detailed, ornamental, eye-catching, striking, attractive figure"
https://futraichat.s3.ap-south-1.amazonaws.com/app_content/mallika/images/1750492649_1749295124_48.jpg,"Young woman, dark long wavy hair, high ponytail, wearing a dark blue tie, dark blue pleated mini skirt, no shirt, standing in a classroom, leaning over a light-colored desk, looking down at papers with handwritten text, hands resting on the papers, focused expression, school environment."
https://futraichat.s3.ap-south-1.amazonaws.com/app_content/mallika/images/1750492649_1749295116_11.jpg,"Female character, alluring, golden satin slip dress, short, revealing, deep V-neck, spaghetti straps, prominent cleavage, luxurious bedroom setting, golden sheets, dark wavy hair, long, tan skin tone, subtle makeup, confident direct gaze, soft smile, full lips, dark eyes, elegant gold earrings, reclining posture, relaxed, comfortable, intimate, sensual, inviting, striking, attractive, beautiful, sophisticated"
https://futraichat.s3.ap-south-1.amazonaws.com/app_content/mallika/videos/1750492649_1749295123_Mallika1018.mp4,"Dark-haired woman, sitting, large bed, bedroom, hotel room, wearing, vibrant dark pink, magenta, floral embroidered, lace lingerie set, matching bra, panties, direct gaze, slight smile, confident, sensual, body language, relaxed, upright, white pillows, olive green headboard, wooden nightstand, white vase, dry flowers, soft lighting, intimate atmosphere."
https://futraichat.s3.ap-south-1.amazonaws.com/app_content/mallika/images/1750492649_1749295133_22.jpg,"dark brown leather strapless corset, bustier, exposing cleavage, midriff, belly button piercing, long, dark, wavy hair, tan skin, direct eye contact, confident, alluring gaze, red lipstick, striking makeup, defined eyebrows, leaning, posing, sensual body language, upper body shot, dark, indistinct, indoor background, metallic railing"
https://futraichat.s3.ap-south-1.amazonaws.com/app_content/mallika/videos/1750492649_1749295125_Mallika006.mp4,"Dark-haired woman, tanned, fuchsia pink two-piece bikini, sequin embellishments, tie-side bottom, gold hoop earrings, gold cuff bracelet, tropical outdoor setting, lush foliage, palm trees, white slatted wall, standing, posing, hand in hair, confident, direct gaze, parted lips, glamorous, elegant, swimwear, resort, sunny, alluring, fashionable, vibrant, slender, poised."
https://futraichat.s3.ap-south-1.amazonaws.com/app_content/mallika/videos/1750492649_1749295118_Mallika001.mp4,"female character, light pink, intricately gold embroidered bikini, white pearl fringe, triangle top, high-cut bottoms, side ties, navel piercing, alluring, confident smile, direct gaze, long dark hair, posed, relaxed, seated, leaning, indoors, bright lounge area, wooden bench, coral pillows, light beige wall, green plant, patterned rug, natural light, elegant, fashionable swimwear, appealing, warm ambiance"
https://futraichat.s3.ap-south-1.amazonaws.com/app_content/mallika/images/1750492649_1749295123_1.jpg,"White, terrycloth towel, wrapped around head, white towel draped around body, bare shoulders, long, dark brown hair, appearing wet, flowing strands, gentle hand touching hair, eyes closed, serene, calm, relaxed facial expression, soft, slightly parted pink lips, subtle eye makeup, long dark eyelashes, upper chest visible, light, blurred background, indoor, close-up portrait, intimate pose, tranquil, peaceful, natural, fresh, clean, woman"
https://futraichat.s3.ap-south-1.amazonaws.com/app_content/mallika/images/1750492649_1749295127_3.jpg,"Dark-haired character, wearing black fishnet bodysuit, lingerie, sensual, revealing, full lips, dark eyes, direct gaze, looking directly at viewer, sitting on bed, indoor setting, bedroom, ambient red lighting, intimate atmosphere, inviting expression, confident posture, attractive, long wavy dark hair, visible shoulders, significant cleavage evident, sheer mesh fabric, form-fitting, seductive, upper body focused shot, blurred dark background, alluring"
https://futraichat.s3.ap-south-1.amazonaws.com/app_content/mallika/images/1750492649_1749295115_26.jpg,"black leather jacket, unzipped, revealing deep cleavage, bare torso, black leather pants, long dark wavy hair, dark eyes, reddish lips, intense gaze, serious expression, direct eye contact, confident body language, alluring pose, standing, posing, dimly lit indoor setting, dark industrial background, focused, alluring"
https://futraichat.s3.ap-south-1.amazonaws.com/app_content/mallika/videos/1750492649_1749295133_Mallika002.mp4,"Female, long dark hair, light complexion, orange bikini top, floral embroidery, matching orange bikini bottom, sheer orange wrap skirt, high slit, decorative silver gold belt, ornate gold earrings, standing, posing, indoors, light-colored wall, wooden door frame, green plant, gentle smile, looking down, serene, confident, relaxed pose, angled body, one leg forward"
https://futraichat.s3.ap-south-1.amazonaws.com/app_content/mallika/videos/1750492650_1749295123_Mallika1009.mp4,"Woman, long dark hair, smiling, happy, engaging, dark eyes, black lace bra, peach trim, orange floral embroidery, matching lace bottoms, pink bows, leaning forward, hands on countertop, indoor kitchen, green cabinets, gold handles, dark counter, wooden screen, flowers, confident, sensual, suggestive pose, direct gaze, alluring, attractive"
https://futraichat.s3.ap-south-1.amazonaws.com/app_content/mallika/videos/1750492650_1749295117_Mallika1005.mp4,"Female, long wavy brown hair, sensual, sitting, bed, bedroom, white bedding, elegant, beige, black, floral, embroidered bra, matching panties, sheer, light pink, ruffled sleeves, decorative jewel, eyes closed, lips parted, pink lipstick, serene expression, relaxed pose, warm lighting, ambient, lamp, indoor"
https://futraichat.s3.ap-south-1.amazonaws.com/app_content/mallika/images/1750492650_1749295125_32.jpg,"Olive green velvet bralette, matching low-rise bottoms, unbuttoned utility jacket draped over shoulders, dark hair messy bun, direct gaze, sultry expression, full lips, sitting, posing, dark wooden stool, plain beige background, confident, relaxed posture, legs spread, hands resting on thighs, exposed midriff, prominent cleavage, studio setting, artificial character"
https://futraichat.s3.ap-south-1.amazonaws.com/app_content/mallika/videos/1750492650_1749295129_Mallika1002.mp4,"Smiling character, eyes closed, yellow floral embroidered bra, white mesh, pink roses, green leaves, yellow choker, long brown wavy hair, happy expression, relaxed pose, indoor setting, patterned wall, green plant, light makeup, serene, shoulders visible"
https://futraichat.s3.ap-south-1.amazonaws.com/app_content/mallika/images/1750492650_1749295119_13.jpg,"Female, dark hair, alluring, sitting, ornate, golden, throne-like, chair, dark, luxurious, background, black, bikini top, black bikini bottom, high-gloss, patent leather, thigh-high boots, direct gaze, confident expression, deep red lipstick, visible cleavage, elegant dangling earrings, posed posture, sensual attire, seductive mood, glamorous setting, long wavy hair, full lips, striking eyes, partially visible midriff, strong body language, fashionable, captivating, powerful, mysterious"
https://futraichat.s3.ap-south-1.amazonaws.com/app_content/mallika/videos/1750492650_1749295132_Mallika003.mp4,"Female character, dark hair, reclining on her side, sensual pose, wearing a burgundy lace bra, matching panties, white floral embroidery, white scalloped trim, white choker necklace, lying on white bed sheets, large wooden carved headboard, traditional bedroom, elegant floral patterned wallpaper, relaxed facial expression, eyes downcast, lips slightly parted, calm, alluring body language, one arm resting on bed, intimate setting, soft lighting, comfortable posture."
https://futraichat.s3.ap-south-1.amazonaws.com/app_content/mallika/images/1750492650_1749295123_27.jpg,"Female character, long dark wet hair, tanned skin, confident direct gaze, slight smile, lips parted, standing outdoors, raining, balcony railing, pool, lush greenery background, white wet clinging sheer dress, deep low-cut neckline, prominent cleavage visible, tight form-fitting, highlights curves, revealing white underwear, thong, partially visible, sensual, alluring, enticing, wetness, glistening, skin"
https://futraichat.s3.ap-south-1.amazonaws.com/app_content/mallika/images/1750492651_1749295115_25.jpg,"Female character, alluring, wet dark hair, long silver earrings, soft smile, expressive brown eyes, direct gaze, intimate setting, in a bath, white soap bubbles, partially covering chest, holding a clear glass, red liquid, likely wine, relaxed, confident posture, sensual, fair skin, bare shoulders, upper body visible, indoors, bathroom environment, clean, radiant, inviting, comfortable atmosphere, personal moment, close-up shot, wet appearance, dark defined eyebrows, subtle makeup, natural beauty, smooth"
https://futraichat.s3.ap-south-1.amazonaws.com/app_content/mallika/images/1750492651_1749295137_16.jpg,"Attractive woman, long wavy dark hair, confident expression, slight smile, direct eye contact, wearing a crisp white, collared, short-sleeved crop top, tied at the front, revealing significant cleavage, exposed midriff, paired with a matching form-fitting white mini skirt, golden hoop earrings, holding a professional-looking syringe, seated, indoors, light plain background, white chair, poised, alluring."
https://futraichat.s3.ap-south-1.amazonaws.com/app_content/mallika/images/1750492651_1749295116_30.jpg,"Female, long dark hair, dark eyes, full lips, direct eye contact, subtle smile, slightly open mouth, confident expression, in a swimming pool, clear blue water, light-colored tiled edge, wearing a yellow bandeau bikini top, knotted detail, matching yellow bikini bottom, large side tie, wet skin, right arm extended forward, possibly taking a selfie, alluring, close-up shot, upper body visible above water, sensual attire, inviting"
https://futraichat.s3.ap-south-1.amazonaws.com/app_content/mallika/images/1750492651_1749295130_35.jpg,"Attractive female, long dark hair, brown eyes, fair skin, wide smile, red lips, white teeth, happy expression, confident, direct gaze, wearing, white, form-fitting, plunging, neckline, bodysuit, swimsuit, high cut, dark, background, indoors, dimly lit, sensual, pose, showing, cleavage, upper body, shoulders, visible, fashion, beauty, alluring, striking, vibrant, stylish, glamorous"
https://futraichat.s3.ap-south-1.amazonaws.com/app_content/mallika/videos/1750492651_1749295135_Mallika1003.mp4,"Seated, indoors, white, colorful, floral, embroidered, strapless, bra, matching, underwear, brief, style, large, window, natural, light, brick, wall, potted, plant, wicker, decor, orange, pillows, couch, direct, gaze, confident, alluring, smirk, dark, eye, makeup, long, dark, hair, wavy, shoulders, posing, relaxed, posture"
https://futraichat.s3.ap-south-1.amazonaws.com/app_content/mallika/videos/1750492652_1749295115_Mallika1019.mp4,"Woman wearing a white and gold patterned corset and black underwear, leaning over a large wooden desk with a black leather pad. She has long dark hair, looking down with a slight smile. Her hands are placed on the desk, body leaning forward in a suggestive manner within an elegant office room setting with lamps and classic furniture."
https://futraichat.s3.ap-south-1.amazonaws.com/app_content/mallika/images/1750492652_1749295125_15.jpeg,"attractive woman, long dark hair, direct intense gaze, full red lips, neutral expression, wearing a black push-up bra, high-waisted black and white pinstriped skirt, holding white papers, documents, in an office cubicle background, professional setting, standing, confident posture, upper body, ample cleavage visible, shoulder straps, brown eyes, office ceiling lights"
https://futraichat.s3.ap-south-1.amazonaws.com/app_content/mallika/images/1750492652_1749295119_38.jpg,"Female character, long wavy brown hair, dark eyes, confident expression, parted lips, direct gaze, reclining, plush golden velvet couch, rich draped curtains, luxurious indoor setting, green lace corset, gold embroidery, intricate detailed beaded chains, strapless, alluring, elegant, posed, sensual, intimate, arm cuff, bracelet, earrings, shapely figure, serene, beautiful woman, well-defined features"
https://futraichat.s3.ap-south-1.amazonaws.com/app_content/mallika/videos/1750492652_1749295134_Mallika1031.mp4,"Young woman, long dark wavy hair, wearing a golden beaded bra top, shimmering beaded thong-like bottom, gold, white, sensual attire, sitting, luxurious golden swing, holding chain, ornate red patterned chair, elegant indoor setting, decorative white archway, patterned gold wall, downward gaze, soft smile, relaxed expression, posing gracefully, opulent, alluring, tanned skin, prominent cleavage, exposed thighs, manicured nails, rich ambiance"
https://futraichat.s3.ap-south-1.amazonaws.com/app_content/mallika/images/1750492652_1749295119_39.jpg,"Female, dark hair, alluring, standing, leaning, dark textured wall, low lighting, seductive gaze, parted red lips, right hand to mouth, black lace fingerless glove, burgundy satin bra, black lace trim, prominent cleavage, matching burgundy waist cincher, black studded straps, matching burgundy thong, black garter belt, gold handcuff buckle, black thigh-high stockings, silver handcuffs on left wrist, confident, sensual pose"
https://futraichat.s3.ap-south-1.amazonaws.com/app_content/mallika/images/1750492652_1749295133_7.jpg,"dark-haired, female, alluring, confident, direct gaze, sitting, white collared crop top, tied front, deep cleavage, short sleeves, white mini skirt, bare legs, smooth thighs, indoor, bedroom, white sheets, plain wall, looking at camera, long wavy hair, full lips, attractive, seductive, sensual, revealing attire, form-fitting, modern, elegant, young woman, bright lighting, soft shadows, sharp focus, realistic, busty, shapely, curvaceous, appealing, relaxed, comfortable, well-lit, striking, glamorous, bold, intense, captivating"
https://futraichat.s3.ap-south-1.amazonaws.com/app_content/mallika/videos/1750492652_1749295126_Mallika1.mp4,"dark green lace trim bra, matching high-cut thong, lingerie set, intimate bedroom setting, sitting on white sheets, direct eye contact, alluring facial expression, slightly parted lips, long dark wavy hair, confident body language, one hand resting on thigh, inviting pose, seductive, soft ambient lighting, cozy atmosphere, elegant, beautiful, curvaceous, toned physique, striking, sensual"
https://futraichat.s3.ap-south-1.amazonaws.com/app_content/mallika/images/1750492653_1750180141_9023.jpg,"Woman wearing white ribbed tank top, blue jeans, gold bracelet. Long dark wavy hair. Standing on an urban street holding a brown coffee cup. Thoughtful, calm expression, looking contemplatively to the left. Relaxed posture. Street features blurred shopfronts, green trees, power lines, parked motorcycles in the background. Daytime outdoor setting."
https://futraichat.s3.ap-south-1.amazonaws.com/app_content/mallika/videos/1750492653_1749295116_Mallika1016.mp4,"Woman, long dark hair, dark eyes, fair complexion, direct gaze, alluring, confident expression, sitting, plush, light beige, upholstered armchair, dark green, floral pattern, lace trim, bra, high-waisted briefs, matching lingerie set, elegant, indoor room, beige curtains, large window, natural light, poised, relaxed, one arm resting, subtle smile, seductive, attractive, comfortable, sophisticated, chic"
https://futraichat.s3.ap-south-1.amazonaws.com/app_content/mallika/videos/1750492653_1749295136_Mallika1030.mp4,"Woman, long brown hair, dark eyes, direct gaze, confident, open mouth, wearing ornate off-white pearlescent jeweled bra top, matching decorative waist chain, prominent necklace, dangling earrings, seated, posing, plush red gold patterned sofa, outdoor setting, lush green foliage, ornate architecture, elegant, sensual, luxurious"
https://futraichat.s3.ap-south-1.amazonaws.com/app_content/mallika/images/1750492653_1749295122_24.jpg,"black shiny faux leather lingerie, high-cut thong, bra top, thigh-high fishnet stockings, wet skin, wet dark hair, dark background, simulated rain, standing, posing, looking back over shoulder, direct gaze, soft smile, alluring, confident, sensual, curvaceous, back view, glutes, wet body, dark ambiance, studio setting, artificial rain, glistening, reflective, intimate, provocative, expressive, full lips"
https://futraichat.s3.ap-south-1.amazonaws.com/app_content/mallika/images/1750492653_1749295130_40.jpg,"Female character, long dark hair, black leather outfit, deep plunging neckline, revealing cleavage, intricate silver chains, rings, cutouts, short skirt, black thigh-high boots, silver choker, bracelet. Posing, standing, leaning against dark car in dimly lit parking garage. Confident, direct gaze, alluring body language, one leg forward. Urban setting, concrete pillar, asphalt ground."
https://futraichat.s3.ap-south-1.amazonaws.com/app_content/mallika/images/1750492654_1749295127_18.jpg,"Woman, long dark hair, underwater, swimming, yellow strapless bikini top, yellow bikini bottoms, side tie detail, reaching forward, extended arm, direct gaze, soft smile, relaxed expression, dark eye makeup, alluring, blue water, reflections, bubbles, submerged, swimming pool, belly button piercing, slender, graceful, captivating, youthful."
https://futraichat.s3.ap-south-1.amazonaws.com/app_content/mallika/images/1750492654_1749295136_6.jpg,"long dark hair, dark eyes, soft lips, black sheer lace bra, black lace low-rise panties, large brown fur coat, sparkling diamond choker necklace, silver ring, seated, luxurious black leather car interior, back seat, outdoor urban setting visible, confident expression, alluring gaze, subtle smile, direct eye contact, relaxed body, reclining pose, elegant, sensual attire"
https://futraichat.s3.ap-south-1.amazonaws.com/app_content/mallika/videos/1750492654_1749295138_Mallika6.mp4,"Woman, long dark wavy hair, reclining, luxurious indoor setting, opulent golden drapes, plush velour chaise lounge, emerald green lace corset, intricate ornate design, gold trim, silver chains, shimmering crystal embellishments, significant deep cleavage, revealing sensual attire, alluring confident gaze, direct eye contact, sultry expression, full parted lips, dramatic eye makeup, raised left arm, hand resting behind head, relaxed, glamorous, captivating."
https://futraichat.s3.ap-south-1.amazonaws.com/app_content/mallika/videos/1750492654_1749295132_Mallika5.mp4,"Woman, long dark hair, direct gaze, confident expression, subtle smile, red lipstick, wearing, maroon satin bra, black lace trim, high-waisted band, garter straps, black thigh-high stockings, lace tops, matching thong, black fingerless lace gloves, silver cuffs, arm bands, standing, dark, dimly lit background, textured wall, indoor setting, alluring, provocative"
https://futraichat.s3.ap-south-1.amazonaws.com/app_content/mallika/videos/1750492655_1749295125_Mallika1026.mp4,"green, intricate, embroidered, lingerie, bra, thong, matching, dark, luxurious, bedroom, ornate, headboard, decorative, pillows, lamp, posed, looking, viewer, soft, smile, direct, gaze, alluring, arm, raised, hand, neck, hair, body, turned, confident, elegant, long, wavy, dark, brown, hair, full, lips, makeup, well-defined, eyebrows, smooth, skin, slender, figure, intimate, setting, sensual, attire, standing"
https://futraichat.s3.ap-south-1.amazonaws.com/app_content/mallika/images/1750492655_1749295133_47.jpg,"Female character, long dark hair, wet skin, slender physique, standing in water, indoor pool or spa setting, wearing a vibrant yellow two-piece bikini, bandeau style top, high-cut bottom with side tie, gold hoop earrings, thin bracelet, light purple nail polish, hands cupping breasts, direct gaze, alluring facial expression, slightly parted lips, confident body language, captivating pose."
https://futraichat.s3.ap-south-1.amazonaws.com/app_content/mallika/videos/1750492656_1749295129_Mallika2.mp4,"Female character, white lace bra, white string thong, white sheer open robe, dark hair, alluring expression, confident gaze, standing, indoors, near bright window, natural light, slender figure, defined midriff, long hair, posed, direct eye contact, elegant, intimate setting"
https://futraichat.s3.ap-south-1.amazonaws.com/app_content/mallika/videos/1750492656_1749295121_Mallika1012.mp4,"Pink strapless sequined top, matching beaded bottom, dangling tassels, silver embellishments, elegant swimwear, ornamental earrings, long brown wavy hair, standing, indoors, window, sheer floral curtains, sunlit room, posing gracefully, head tilted down, relaxed stance, modeling, closed eyes, serene smile, peaceful expression, calm, poised, slender figure, natural, alluring, confident, attractive, beautiful, radiant, glamorous, stylish, feminine."
https://futraichat.s3.ap-south-1.amazonaws.com/app_content/mallika/images/1750492656_1749295134_10.jpg,"Dark wavy hair, alluring, deep burgundy satin camisole, thin straps, revealing ample cleavage, reclining comfortably, luxurious indoor setting, plush fluffy light brown fur throw, direct gaze towards viewer, calm facial expression, slightly parted lips, relaxed pose, suggestive body language, bare leg visible, warm ambient lighting, elegant ambiance, confident demeanor, smoldering dark eyes, subtle shadows defining curves, rich textures."
https://futraichat.s3.ap-south-1.amazonaws.com/app_content/mallika/images/1750492656_1749295124_14.png,"Attractive woman, long dark wavy hair, brown eyes, wide smile, direct gaze, confident expression, friendly demeanor, wrapped in a soft white fluffy towel, shoulders bare, upper chest visible, indoor setting, likely bathroom or bedroom, posing for a selfie, close-up shot, intimate body language, natural lighting, fresh appearance, clean skin, well-groomed dark eyebrows, subtle eye makeup, light pink lips, clear complexion, small dark earring, smooth bare skin, relaxed posture"
https://futraichat.s3.ap-south-1.amazonaws.com/app_content/mallika/videos/1750492657_1749295121_Mallika1024.mp4,"Woman, captivating, long dark wavy hair, piercing brown eyes, direct gaze, serious expression, pouty lips, confident posture, standing, indoors, luxurious, grand staircase, ornate metal railing, wooden backdrop, black halter neck top, gold embroidery, intricate floral patterns, sparkling jewels, silver body chains, sheer black mesh, revealing midriff, exposed navel, sensual, alluring, elegant, elaborate, fashionable, stylish, posing for camera, full-frame shot, upper body."
https://futraichat.s3.ap-south-1.amazonaws.com/app_content/mallika/images/1750492657_1749295129_4.jpg,"dark green lace-trimmed bra, matching dark green lace panties, deep cleavage, long dark wavy hair, fair skin, bedroom setting, white rumpled bedding, metal headboard, warm light fixture, sitting on bed, direct gaze, confident expression, slight smile, full lips, dark eyes, prominent eyelashes, delicate earrings, relaxed posture, sensual body language, mid-shot, intimate, inviting atmosphere, alluring, posed, soft lighting, seductive"
https://futraichat.s3.ap-south-1.amazonaws.com/app_content/mallika/images/1750492657_1749295116_50.jpg,"Female, dark hair, direct gaze, slight smile, confident expression, wet, sheer white button-up shirt, tied at waist, white lace bra visible, white tight mini skirt, short sleeves, wet clothing clinging, sitting posture, posed, sensual, indoor setting, plain background, soft lighting, alluring, provocative, exposed cleavage, shapely legs, long wavy hair"
https://futraichat.s3.ap-south-1.amazonaws.com/app_content/mallika/images/1750492657_1749295136_29.jpg,"Dark-haired character, direct gaze, confident expression, full red lips, heavy eye makeup, long dark wavy hair, wearing a vibrant emerald green velvet dress, deep plunging neckline, revealing significant cleavage, prominent chest, stylish cutouts on the torso, long sleeves, adorned with dangling green and clear gemstone earrings, elegant pose, standing indoors, dimly lit background, warm atmospheric lighting, upscale environment, evening attire."
https://futraichat.s3.ap-south-1.amazonaws.com/app_content/mallika/videos/1750492657_1749295134_Mallika1027.mp4,"Olive green and gold embroidered lingerie set, two-piece, bra, panties, white diamond embellishments, standing next to ornate dark wood four-poster bed, indoor, soft lighting, direct gaze, subtle smile, alluring expression, relaxed body language, right hand on bedpost, long dark wavy hair, fair skin, navel piercing, elegant bedroom"
https://futraichat.s3.ap-south-1.amazonaws.com/app_content/mallika/images/1750492657_1749295116_37.jpg,"long champagne silk robe, tied waist, deep cleavage, high side slit, white underwear, ornate diamond necklace, matching earrings, bracelets, white high heels, city skyline backdrop, New York City, Empire State Building, high-rise window, standing, confident expression, direct gaze, elegant, sensual, luxurious, full body pose, long dark wavy hair, slender, alluring, indoor setting, daylight"
https://futraichat.s3.ap-south-1.amazonaws.com/app_content/mallika/videos/1750492657_1749295130_Mallika004.mp4,"Female character, reclining, magenta pink lace bra, gold embroidered details, matching thong, sensual lingerie set, warm reddish bed, soft velvet cushion, intimate bedroom setting, eyes downcast, subtle smile, relaxed expression, seductive pose, body turned, revealing cleavage, bent knee, long dark wavy hair, fair complexion, alluring."
https://futraichat.s3.ap-south-1.amazonaws.com/app_content/mallika/videos/1750492657_1749295117_Mallika1022.mp4,"Female character, dark green swimsuit, gold embroidery, plunging neckline, revealing cleavage, cut-out sides, long brown hair, brown eyes, subtle smile, direct gaze, confident pose, sitting, poolside, water, stone fountain, lush green foliage, vibrant pink bougainvillea, elegant architecture, outdoor luxury resort setting, well-groomed, slender, poised, attractive, swimwear, ornate"
https://futraichat.s3.ap-south-1.amazonaws.com/app_content/mallika/images/1750492657_1749295137_44.jpg,"Female character, dark skin tone, long dark hair, high ponytail, gold dangle earrings, wearing a white bra, white unbuttoned collared shirt, dark blue tie, dark blue pleated skirt, indoor setting, blurred light brown background, standing pose, looking right, neutral facial expression, subtly parted lips, hands placed on chest, revealing ample cleavage, bare midriff, suggestive body language, confident appearance."
https://futraichat.s3.ap-south-1.amazonaws.com/app_content/mallika/videos/1750492657_1749295120_Mallika3.mp4,"Woman, long dark wavy hair, direct gaze, confident, alluring, sitting, elegant, indoor, luxurious, setting, dark brown, sheer, lace, bra, intricate, detailing, matching, high-waisted, cut-out, briefs, black, fishnet, stockings, lingerie, upholstered, chair, golden, trim, wall, lamp, background, poised, sensual, attractive, seductive, female, model, revealing, suggestive, gaze, lips, posture, skin, smooth, eyes, dark, intimate"
https://futraichat.s3.ap-south-1.amazonaws.com/app_content/mallika/images/1750492657_1749295117_5.jpg,"Long, dark, wavy hair, confident, alluring gaze, seductive, subtle smile, direct eye contact, bright, vibrant, fuchsia, fluffy, fur, coat, light grey, delicate, lace trim, bra, matching, thong, underwear, silver, chain, body accessory, prominent cleavage, toned, sculpted midriff, navel piercing, dark, indistinct background, night, setting, glamorous, posing, attractive, full lips, striking eyes, bare skin, slender, body"
https://futraichat.s3.ap-south-1.amazonaws.com/app_content/mallika/videos/1750492657_1749295120_Mallika1015.mp4,"Woman, long dark wavy hair, sitting, light green tufted sofa, elegant, upholstered, dark wood paneled background, formal, direct gaze, alluring expression, subtle smile, relaxed pose, confident, posing, navy blue, gold ornate patterns, intricate design, one-piece, bodysuit, lingerie, low cut, deep V-neckline, thin straps, exposed cleavage, shapely legs, crossed legs, arm resting, comfortable, indoors, luxurious setting, captivating"
https://futraichat.s3.ap-south-1.amazonaws.com/app_content/mallika/videos/1750492657_1749295126_Mallika1021.mp4,"Young woman, black, gold, intricately patterned, one-piece, swimsuit, long dark wavy hair, serene, relaxed, eyes closed, soft facial expression, standing, outdoor balcony, ornate metal railing, sheer cream curtains, bright natural light, contemplative, graceful, elegant pose, side profile, revealing, intimate, luxurious, warm atmosphere, attractive, slender figure, ample cleavage, bare legs, leaning gently on railing."
https://futraichat.s3.ap-south-1.amazonaws.com/app_content/mallika/videos/1750492657_1749295119_Mallika4.mp4,"Woman, long dark hair, brown eyes, light skin, soft smile, direct gaze, alluring, sitting, confident, relaxed, white sheer short-sleeved blouse, tied at waist, revealing white bra underneath, significant cleavage, white form-fitting mini skirt, short, bare legs, indoor setting, light brown wall, neutral background, natural light"
https://futraichat.s3.ap-south-1.amazonaws.com/app_content/mallika/images/1750492657_1749295131_23.jpeg,"woman, long dark hair, confident, direct gaze, slight smirk, black and white pinstripe blazer, black bra, exposed cleavage, black and white pinstripe mini skirt, very short skirt, black high heels, sitting on office desk, legs crossed, sensual pose, office environment, papers on desk, office chair, professional setting, intimate, alluring, confident body language, dark eyes, full lips, well-groomed, striking, bold, daring, seductive."
https://futraichat.s3.ap-south-1.amazonaws.com/app_content/mallika/videos/1750492657_1749295133_Mallika010.mp4,"Female character, long dark hair, alluring, sensual, reclining, elegant, royal blue, gold, lingerie, bra, briefs, intricate embroidery, leaf, floral, pattern, luxurious, velvet, background, sparkling, bokeh, shimmering, lights, intimate, glamorous, opulent, serene, downcast eyes, subtle expression, full lips, tanned skin, detailed, rich, ornate, confident, posed, captivating"
https://futraichat.s3.ap-south-1.amazonaws.com/app_content/mallika/images/1750492657_1749295122_34.jpg,"Woman, long dark hair, blindfolded with white satin ribbon, bright red lipstick, white sheer blousy top, deep cleavage, brown leather corset, lacing detail, metal eyelets, brown leather mini skirt, high thigh slit, dark thigh-high stockings, black lace-up garters, ornate dark background, opulent, vintage clock, mysterious ambiance, standing, seductive pose, hands adjusting blindfold, hourglass figure."
https://futraichat.s3.ap-south-1.amazonaws.com/app_content/mallika/videos/1750492657_1749295128_Mallika1010.mp4,"Dark-haired woman, direct gaze, alluring expression, slight open mouth, prominent eyeliner, wearing sheer black bodysuit, floral embroidery, pink, blue, cream, green patterns, deep keyhole cutout, visible cleavage, sleeveless design, standing indoors, bathroom setting, blurred window background, natural light, white bathtub, hands on lower abdomen, long pink nails, silver ring, hoop earrings, confident posture, sensual pose"
https://futraichat.s3.ap-south-1.amazonaws.com/app_content/mallika/images/1750492657_1749295138_19.jpg,"Young woman, long dark wavy hair, wearing round frame glasses, direct eye contact, confident expression, full lips, light beige sheer unbuttoned shirt, deeply exposed cleavage, dark grey mini-skirt, provocative cut-out waist, black thigh-high stockings, suggestive pose, leaning slightly forward, sensual body language, mysterious dark library background, old books, indoor setting, alluring atmosphere."
https://futraichat.s3.ap-south-1.amazonaws.com/app_content/mallika/videos/1750492658_1749295122_Mallika1025.mp4,"Female character, long wavy brown hair, dark blue ribbed bra, gold trim, gold charms, matching thong bottoms, pearl charm, indoors, living room, teal sofa, floral cushion, green plants, soft lighting, posed, leaning, looking down, gentle smile, slightly parted lips, relaxed, sensual, showing décolletage, side profile, intimate setting, alluring."
https://futraichat.s3.ap-south-1.amazonaws.com/app_content/mallika/videos/1750492658_1749295126_Mallika1007.mp4,"woman, long, dark, wavy hair, brown eyes, pink lipstick, hot pink, fuchsia, lingerie, matching bra, thong, gold, yellow, floral embroidery, bow details, standing, leaning, metal railing, indoor atrium, conservatory, glass roof, natural light, green plants, framed paintings, direct gaze, confident, poised, sensual, slender figure, right hand, abdomen, left arm, foreground"
https://futraichat.s3.ap-south-1.amazonaws.com/app_content/mallika/videos/1750492658_1749295136_Mallika1006.mp4,"Female character, long wavy brown hair, fair skin, light pink halter neck lingerie, sheer bodice, delicate floral pattern, visible cleavage, scalloped bra cups, intimate indoor setting, ornate wooden screen background, green foliage, soft lighting, downcast eyes, pensive expression, pink lips, serene, gentle pose, graceful, alluring, sensual attire, elegant, natural, feminine, upper body, shoulders, partial view, standing"
https://futraichat.s3.ap-south-1.amazonaws.com/app_content/mallika/images/1750492658_1749295123_41.jpg,"Woman, lying, golden, satin, sheets, bed, dark, green, velvet, bikini, top, minimal, coverage, bottom, belly, button, piercing, direct, gaze, camera, serene, expression, full, lips, dark, hair, tied, updo, arms, raised, above, head, relaxed, posture, toned, physique, smooth, skin, indoor, setting, alluring, confident, bedroom, environment, sensual, pose, intimate, ambiance, warm, lighting"
https://futraichat.s3.ap-south-1.amazonaws.com/app_content/mallika/images/1750492658_1749295115_21.jpg,"A beautiful woman with long dark wavy hair, tanned skin, wearing a light pink delicate lace bralette and matching lace thong, sitting on a bed with white bedding, looking directly at the viewer with a calm, inviting gaze and a slight, confident smile, displaying a relaxed and sensual body posture, featuring a belly button piercing, intimate bedroom setting, alluring, elegant."
https://futraichat.s3.ap-south-1.amazonaws.com/app_content/mallika/videos/1750492658_1749295131_Mallika1008.mp4,"Female, long dark wavy hair, tanned skin, standing indoors, luxurious setting, ornate wooden bed frame, light background, wearing a two-piece bikini, white, orange, red, green floral print, strapless top, tie-side bottoms, hands adjusting, looking down, subtle smile, focused expression, relaxed body language, confident posture, slender build"
https://futraichat.s3.ap-south-1.amazonaws.com/app_content/mallika/images/1750492658_1749295129_42.jpg,"woman, dark hair, brown eyes, soft smile, confident, direct gaze, standing, indoors, night, blurred city lights, beige strapless bodysuit, low-cut, form-fitting, prominent cleavage, brown fur coat, draped, shoulders, elegant, luxurious, stylish, dangle earrings, alluring pose, upper body, glamorous, trendy attire"
https://futraichat.s3.ap-south-1.amazonaws.com/app_content/mallika/images/1750492658_1749295122_17.jpg,"dark hair, messy bun, direct gaze, alluring expression, full lips, neutral background, studio setting, standing pose, holding open shirt, unbuttoned, olive green, oversized jacket, exposed chest, bare breasts, suggestive, sensual, confident, elegant, well-groomed, makeup, eyeliner, ring, light nails, hint of blue, undergarment, upper body, shoulders, inviting, eye contact, dark eyes, defined eyebrows, smooth skin, attractive, studio lighting, upper body focus, headshot, subtle smile"
https://futraichat.s3.ap-south-1.amazonaws.com/app_content/mallika/videos/1750492658_1749295132_Mallika1014.mp4,"Black lace bra, vibrant paisley patterns, purple, blue, green, orange accents, matching black sheer underwear, decorative studs, long dark wavy hair, confident direct gaze, slight open-mouth smile, posing, standing, left hand leaning on ornate gilded doorframe, light cream wall, elegant indoor room, blurred furniture background, sensual body language, attractive."
https://futraichat.s3.ap-south-1.amazonaws.com/app_content/mallika/images/1750492659_1749295119_9.jpg,"Female, dark hair, tanned skin, confident expression, direct gaze, subtle smile, royal blue mesh bikini, revealing bra top, string thong bottoms, large dangle earrings, belly piercing, ring, standing pose, hand on hip, outdoor, tropical night club ambiance, colorful string lights, purple, red, golden, natural frond background"
https://futraichat.s3.ap-south-1.amazonaws.com/app_content/mallika/videos/1750492659_1749295118_Mallika1011.mp4,"Two-piece, colorful, floral embroidered bikini, gold trim, halter neck top, high-cut bottom, sitting on dark sofa, red velvet pillows, luxurious indoor setting, large window, lush foliage outside, warm ambient light, decorative wall sconce, posed, relaxed posture, hands resting on thighs, dark wavy hair, downcast eyes, subtly parted lips, serene, contemplative expression, tanned skin"
https://futraichat.s3.ap-south-1.amazonaws.com/app_content/mallika/videos/1750492659_1749295115_1stFixedVideo.mp4,"Woman, dark hair, white bath towel, head turban, body wrapped towel, wet hair strands, taking selfie, smartphone, light purple phone, holding phone, mirror reflection, bathroom setting, brown mirror frame, doorknob, soft smile, serene expression, looking down, light pink nails, bare shoulders, relaxed posture, post-shower, comfortable, clean, fresh, indoor scene, natural light, skin glowing, subtle makeup."
https://futraichat.s3.ap-south-1.amazonaws.com/app_content/mallika/images/1750492659_1749295116_33.png,"Dark blue satin tie, only visible clothing item, bare shoulders, exposed upper torso, alluring, elegant, head tilted downwards, eyes gently closed, serene facial expression, long dark wavy hair, high ponytail, soft diffused lighting, indistinct indoor background, subtle facial makeup, rosy lips, calm relaxed pose, bronzed skin tone, delicate ear stud."
https://futraichat.s3.ap-south-1.amazonaws.com/app_content/mallika/images/1750492660_1749295131_49.jpg,"Female character, alluring, dark wavy hair, captivating dark eyes, soft makeup, light pink lips, long dangling earrings, wearing a dark brown sheer lace bra, matching thong, black fishnet stockings, seated on a plush light brown armchair, luxurious hotel room, ornate lamp background, direct intense gaze, slightly parted lips, confident seductive expression, elegant body language, alluring pose, prominent cleavage, slender physique, warm lighting"
https://futraichat.s3.ap-south-1.amazonaws.com/app_content/mallika/videos/1750492660_1749295124_Mallika1023.mp4,"Woman, dark hair, red, gold, patterned, bikini, two-piece, top, bottom, standing, posing, indoors, ornate, wooden, pedestal, large, black, vase, red, flowers, lilies, green, leaves, staircase, background, smiling, confident, direct, gaze, hand, touching, elegant, setting, side, profile, sensual, attractive, long, wavy, hair, styled, full lips, dark eyes, alluring."
https://futraichat.s3.ap-south-1.amazonaws.com/app_content/mallika/images/1750492660_1749295125_31.jpg,"Female character, long dark wavy hair, fair skin, alluring gaze, direct eye contact, confident expression, full red lips, shimmering elaborate diamond choker, dark purple lace lingerie, sheer fabric, low-cut bra top, visible cleavage, underwire support, corset style bodysuit, delicate lace detailing, criss-cross design, adjustable straps, garter straps visible, thigh-high stockings, dark blurred background, intimate setting, sensual pose, leaning forward, hands near thighs, sophisticated, elegant, seductive, provocative, alluring, glamourous."
https://futraichat.s3.ap-south-1.amazonaws.com/app_content/mallika/images/1750492660_1749295127_12.jpg,"Female character, black sheer v-neck bodysuit, wet, glistening water droplets, dark hair, dark eyes, seductive gaze, confident, indoor bathroom setting, marble walls, low-cut, thong visible, alluring, slight smile, long wet hair, intimate attire, revealing, shimmering, translucent, elegant, inviting, provocative, dark background, luxurious, sensual, smooth wet skin, standing, upper body, deep neckline, wet look, soft lighting, glamorous, attractive"
https://futraichat.s3.ap-south-1.amazonaws.com/app_content/mallika/images/1750492660_1749295120_28.jpeg,"Woman, long dark wavy hair, direct gaze, alluring expression, black bra, black pinstriped mini skirt, short skirt, prominent cleavage, hands clasped on upper thighs, leaning forward, office cubicle, grey walls, desk, stacked books, phone, confident, seductive, provocative, dark eyes, pink lips, shapely figure, indoor setting, suggestive pose, bare shoulders, visible midriff, slender arms, manicured nails, serious expression, unbuttoned, risqué, professional environment, office furniture, brown skin, dark complexion."
https://futraichat.s3.ap-south-1.amazonaws.com/app_content/mallika/images/1750872024_9025.jpg,"Smiling young woman, long dark hair, red ribbed sleeveless crop top, light grey faded jeans, gold hoop earrings, arm tattoo. Standing outdoors against lush green mountains, cloudy sky backdrop. Posing confidently, right hand on hip, left hand on wooden fence. Relaxed, cheerful expression, natural setting."
https://futraichat.s3.ap-south-1.amazonaws.com/app_content/mallika/videos/1750872024_9012.mp4,"Young woman, long dark wavy hair, white ribbed sleeveless top, blue denim jeans, gold beaded bracelet, standing outdoors, urban street scene, drinking from small brown clay cup, holding with both hands, eyes closed, focused, serene expression, relaxed body language, daytime, buildings, green trees, overhead wires, motorbike, distant people, casual, enjoying beverage, street-side."
https://futraichat.s3.ap-south-1.amazonaws.com/app_content/mallika/images/1750872025_9019.jpg,"Female, long, dark, wavy, hair, black, crop, top, thin, straps, deep, V-neck, cleavage, midriff, light, blue, ripped, high-waisted, jeans, sitting, gaming, chair, indoor, gaming, room, direct, gaze, confident, expression, relaxed, posture, arms, lap, small, gold, pendant, necklace, pink, blue, neon, lighting, e-sports, setup, dark, eyes, full, lips, attractive, composed"
https://futraichat.s3.ap-south-1.amazonaws.com/app_content/mallika/videos/1750872025_9008.mp4,"Red ribbed crop top, light grey denim jeans, long dark hair, visible midriff, tribal tattoo on left forearm, standing outdoors, mountainous landscape, lush green valleys, cloudy sky, wooden fence, right hand on hip, left hand on fence, looking thoughtfully away, calm facial expression, subtle smile, relaxed upright posture, confident, scenic view"
https://futraichat.s3.ap-south-1.amazonaws.com/app_content/mallika/images/1750872025_9020.jpg,"female, sitting, black office chair, office setting, black spaghetti strap crop top, light blue ripped jeans, gold necklace, dark long wavy hair, direct gaze, neutral facial expression, hands resting in lap, relaxed body posture, indoor professional environment, plain wall, dark furniture, studio lighting, posed, casual attire"
https://futraichat.s3.ap-south-1.amazonaws.com/app_content/mallika/videos/1750872025_9013.mp4,"Female character, standing, sandy beach, ocean, sunset, golden hour, red striped dress, white vertical stripes, sleeveless, long dark hair, brown shoulder bag, gold chain, looking, peaceful, tranquil, contemplative, serene, calm, waves, water, horizon, reflection, sky, orange, pink, yellow, blue, casual attire, relaxed posture, back to camera, observing."
https://futraichat.s3.ap-south-1.amazonaws.com/app_content/mallika/images/1750872026_9018.jpg,"woman, standing, posing, garden, park, lush, green, foliage, trees, branches, flowers, black, crop top, square neck, wide straps, midriff, maroon, white, striped, long skirt, flowing, vertical stripes, dark hair, wavy, bright smile, red lipstick, confident, pleasant, happy, hands on hips, upright, relaxed, outdoor, natural light, daytime, gold hoop earrings, beautiful, elegant, fashionable, stylish, vibrant, serene, charming, graceful, attractive, full body, portrait"
https://futraichat.s3.ap-south-1.amazonaws.com/app_content/mallika/images/1750872027_9010.jpg,"Red, white, vertical stripes, sleeveless, casual dress, romper, low-cut back, sandy beach, vast ocean, gentle waves, beautiful sunset, prominent sun, warm orange sky, dark long flowing hair, charming smile, cheerful, head turned, looking over shoulder, right hand near chin, finger pointed, tan shoulder bag, gold chain, elegant posture, serene atmosphere, twilight, coastal scenery, standing, relaxed body"
https://futraichat.s3.ap-south-1.amazonaws.com/app_content/mallika/images/1750872028_9008.jpg,"Woman, long, dark, hair, light, blue, denim, jacket, open, dark, crop, top, light, jeans, outdoors, balcony, viewpoint, mountains, town, city, distant, greenery, cloudy, sky, standing, posing, camera, calm, neutral, expression, direct, gaze, slight, smile, relaxed, stance, casual, attire, natural, light, stone, railing, urban, landscape, overcast, day, fashionable"
https://futraichat.s3.ap-south-1.amazonaws.com/app_content/mallika/videos/1750872028_9005.mp4,"Young woman, long dark hair, black floral dress, pink, white, peach flowers, short ruffled sleeves, smiling face, bright pink lipstick, happy expression, standing outdoors, mountainous landscape, large lake, blue water, rocky ground, sparse vegetation, cloudy sky, natural light, direct gaze, relaxed posture, pleasant, serene, beautiful."
https://futraichat.s3.ap-south-1.amazonaws.com/app_content/mallika/images/1750872028_9003.jpg,"black crop top, grey skinny jeans, white sneakers, kneeling, outdoor, green mountains, hilly landscape, cloudy sky, dirt ground, lush foliage, smiling, bright expression, red lips, long dark hair, direct eye contact, relaxed body language, hands resting on knees, casual attire"
https://futraichat.s3.ap-south-1.amazonaws.com/app_content/mallika/images/1750872029_9028.jpg,"young woman, long dark hair, standing, outdoors, wet tiled ground, rooftop, white horizontally striped crop top, light blue distressed denim cutoff shorts, white sneakers, full body, natural light, city buildings, green trees, overcast sky, direct gaze, slight smile, calm expression, confident pose, one hand in pocket, casual modern attire, urban setting, weathered balustrade, old railing, bright, daytime"
https://futraichat.s3.ap-south-1.amazonaws.com/app_content/mallika/images/1750872029_9012.jpg,"Smiling, confident, standing, dark grey crop top, grey leggings, brown lace-up boots, black cross-body bag, red backpack, utility belt, pouches, jungle, forest, lush trees, foliage, rocky terrain, scattered leaves, body of water, outdoors, exploration, adventure, upright posture, direct gaze, attractive, fit"
https://futraichat.s3.ap-south-1.amazonaws.com/app_content/mallika/images/1750872029_9016.jpg,"young woman, white, black spotted, sleeveless dress, long dark hair, elegant gold earrings, standing, smiling, pleasant expression, direct gaze, by serene lake, grand white palace, domed architecture, arches, sunny outdoors, relaxed pose, gentle breeze, beautiful historic scenery, small boat, metal railing, tranquil setting"
https://futraichat.s3.ap-south-1.amazonaws.com/app_content/mallika/images/1750872030_9005.jpg,"female, dark hair, brown eyes, light skin, red, white, striped, romper, playsuit, spaghetti straps, V-neck, shorts, hoop earrings, wristwatch, beach, sandy shore, ocean, waves, cloudy sky, standing, posing, looking, direct gaze, confident, relaxed, upright, hand in pocket, hand on thigh, fashionable, casual, outdoor, daylight, full body, natural light, serene environment, vacation, summer, stylish, attractive, outfit, serene, beautiful"
https://futraichat.s3.ap-south-1.amazonaws.com/app_content/mallika/videos/1750872030_9006.mp4,"Female, long dark hair, elegant, smiling, direct gaze, calm expression, standing outdoors, scenic lake, historic palace background, white sleeveless dress, black abstract pattern, dalmatian print, gold ornate earrings, relaxed posture, upright, light skin tone, serene environment, clear day, tourist destination, architectural grandeur, shimmering water, metal railing, distant boats, blue sky, pleasant, gentle, confident, daytime, picturesque."
https://futraichat.s3.ap-south-1.amazonaws.com/app_content/mallika/images/1750872031_9011.jpg,"Young woman, long dark hair, smiling broadly, happy facial expression, standing, posing outdoors, picturesque mountain landscape, large blue lake, cloudy sky, wearing a sleeveless dark floral dress, pink, white, peach flowers, ruffled sleeves, elegant, natural light, stone wall foreground, relaxed body language, beautiful scenery, serene atmosphere, engaging gaze."
https://futraichat.s3.ap-south-1.amazonaws.com/app_content/mallika/videos/1750872032_9003.mp4,"Female character, long dark hair, sitting, relaxed, comfortable, brown bean bag chair, white floral two-piece outfit, pink, blue, red, green flowers, bralette top, tie-front, matching shorts, midriff exposed, long bare legs, fair skin, looking sideways, soft smile, calm expression, bright indoor setting, large window, balcony view, urban background, daylight"
https://futraichat.s3.ap-south-1.amazonaws.com/app_content/mallika/images/1750872032_9013.jpg,"Dark hair, young woman, standing, posing, looking directly, camera, neutral expression, calm gaze, brown t-shirt, short sleeves, oversized fit, light blue, denim shorts, ripped, distressed, cuffed hem, high-waisted, one hand, pocket, relaxed body language, confident, outdoor setting, garden, backyard, wooden fence, lush green foliage, trees, plants, natural light, daytime."
https://futraichat.s3.ap-south-1.amazonaws.com/app_content/mallika/videos/1750872032_9007.mp4,"young woman, black crop top, light blue jeans, standing, red brick wall, green plants, hand in pocket, direct gaze, slight smile, long dark hair, hoop earrings, pendant necklace, wristwatch, outdoor setting, casual attire, confident pose, relaxed body language, full-length, modern style, urban, well-lit, fashionable, slender, detailed clothing, subtle accessories, clear focus, vibrant colors, composed, appealing, straight posture, elegant, charming, chic"
https://futraichat.s3.ap-south-1.amazonaws.com/app_content/mallika/images/1750872032_9001.jpg,"Female, long, dark, hair, smiling, happy, red, lipstick, black, crop, top, light-wash, blue, jeans, tattoo, forearm, necklace, standing, posing, leaning, wooden, fence, outdoors, mountainous, landscape, lush, green, trees, cloudy, sky, confident, relaxed, direct, gaze, natural, setting, bright, daytime, elegant, slender, figure, casual, attire, full, body, view, vibrant, cheerful, beautiful, serene"
https://futraichat.s3.ap-south-1.amazonaws.com/app_content/mallika/images/1750872032_9021.jpg,"Female character, dark hair, attractive, sitting relaxed on a large grey beanbag chair, indoors, on a balcony, urban background, buildings, trees, daytime, natural light. She has a direct gaze, calm expression, and pink lipstick. Wearing a white floral two-piece set, bralette style top with tie-front, exposed midriff, and short skirt. Legs crossed, hands resting, confident pose, summer attire."
https://futraichat.s3.ap-south-1.amazonaws.com/app_content/mallika/videos/1750872034_9002.mp4,"Female, long dark hair, light grey ribbed bodycon mini dress, spaghetti straps, form-fitting, short, standing, indoors, modern room, taking selfie, holding smartphone, face partially obscured, neutral expression, confident pose, wooden dresser, books, vase, white flowers, light walls, sheer curtains, carpeted floor, natural light"
https://futraichat.s3.ap-south-1.amazonaws.com/app_content/mallika/images/1750872036_MallikaFuturistic.jpg,"female, long dark wavy hair, dark eyes, makeup, black long-sleeved crop top, sheer mesh detail, silver metallic sculpted shoulder pad, shiny, black form-fitting high-waisted pants, faux leather material, prominent silver clasps, studio background, plain light grey, standing pose, looking back over her right shoulder, direct gaze, confident expression, stylish, fashion-forward, sleek, modern, strong silhouette, elegant, alluring, body-hugging"
https://futraichat.s3.ap-south-1.amazonaws.com/app_content/mallika/images/1750872036_9024.jpg,"young woman, long dark hair, smiling, happy, pleasant, confident, standing, posing, outdoor, red brick wall, green plants, black ribbed crop top, light blue high-waisted jeans, one hand in pocket, relaxed, upright posture, hoop earrings, gold necklace, gold watch, arm tattoo, casual attire, comfortable, fashionable, direct gaze, natural light, daytime, urban setting, modern, stylish, attractive, cheerful"
https://futraichat.s3.ap-south-1.amazonaws.com/app_content/mallika/images/1750872036_9007.jpg,"Woman, long dark hair, light beige winter coat, padded jacket, standing, snowy mountain landscape, golden hour sunlight, sunset, vast valley, serene environment, looking back, gentle smile, relaxed, calm demeanor, outdoor setting, cold weather, beautiful scenic view, natural lighting, distant snow-capped peaks, warm comfortable clothing, picturesque winter scenery, tranquil atmosphere, enjoying nature, turning head, eye contact"
https://futraichat.s3.ap-south-1.amazonaws.com/app_content/mallika/images/1750872036_d573ca0928c749829d3372c351510349.jpg,"Woman wearing white floral patterned crop top and matching shorts, sitting on a plush bean bag. She is indoors by a large window with a city skyline visible outside. She is taking a selfie with a grey smartphone, looking at the screen with a slight smile. Relaxed pose, dark hair, red nail polish."
https://futraichat.s3.ap-south-1.amazonaws.com/app_content/mallika/images/1750872036_9023.jpg,"Female, long dark wavy hair, white ribbed sleeveless top, blue denim jeans, gold bracelet, holding light brown cup with both hands. Standing on urban street, grey asphalt road, background blurred buildings, green trees, utility poles, distant pedestrians, motorcycles. Thoughtful facial expression, soft gaze left, lips slightly parted, serene, relaxed body language. Outdoor daylight scene."
https://futraichat.s3.ap-south-1.amazonaws.com/app_content/mallika/images/1750872037_9004.jpg,"Female, long dark hair, smiling, happy, direct gaze, standing on sandy beach, ocean waves, distant coastline, casual outfit, white dress with red, dark blue, light blue stripes, multi-colored floral patterns, sleeveless, wrap-around style, tied belt, delicate gold necklace, holding left hand up, three fingers extended, natural light, outdoor setting"
https://futraichat.s3.ap-south-1.amazonaws.com/app_content/mallika/videos/1750872037_9011.mp4,"Elegant woman, long dark hair, sleeveless V-neck dress, black, white, abstract pattern, seated cafe, wooden table, large window, city view, holding white coffee mug, drinking, pensive, looking away, thoughtful expression, slight smile, relaxed posture, natural sunlight, warm ambiance, comfortable setting, daytime, hot beverage, saucer, glass jar"
https://futraichat.s3.ap-south-1.amazonaws.com/app_content/mallika/images/1750872037_MallikaFuturistic2.jpg,"female character, black long-sleeve top, sheer mesh neckline, silver metallic shoulder pads, gold trim accents, black shiny faux leather pants, hands in pockets, standing upright, neutral facial expression, direct gaze, subtly parted lips, confident posture, long dark wavy hair, light grey studio background, fashionable attire, modern, edgy style, full body shot, studio setting, smart casual."
https://futraichat.s3.ap-south-1.amazonaws.com/app_content/mallika/images/1750872037_9022.jpg,"Woman, long wavy dark hair, seated, cafe, restaurant, wooden table, large window, street view, urban buildings, cars, natural sunlight, warm ambiance, sleeveless top, black, white abstract pattern, V-neck, holding, white coffee cup, saucer, calm expression, relaxed posture, direct gaze, slight smile, hands wrapped, indoors, casual setting, peaceful, bright, daytime, enjoying beverage, inviting scene"
https://futraichat.s3.ap-south-1.amazonaws.com/app_content/mallika/images/1750872038_9017.jpg,"Female character, long dark hair, gentle smile, direct gaze, standing, red short-sleeved crop top, gold, green, blue patterns, exposed midriff, vibrant full skirt, traditional Indian lehenga, colorful paisley design, red, blue, green, gold, white, outdoor garden, lush green foliage, trees, grass, elegant posture, gold necklace, matching earrings"
https://futraichat.s3.ap-south-1.amazonaws.com/app_content/mallika/images/1750872039_9014.jpg,"Young woman, long dark hair, direct eye contact, radiant smile, full lips, white teeth, subtle makeup, pink lipstick, wearing a cozy pink long-sleeved crew-neck sweater, comfortable blue jeans, seated outdoors, a bustling cafe, open-air patio, rooftop, large white umbrellas, many dark tables, chairs, relaxed posture, pleasant expression, bright daylight, inviting ambiance, casual"
https://futraichat.s3.ap-south-1.amazonaws.com/app_content/mallika/videos/1750872040_9009.mp4,"Woman, short dark hair, white ribbed crop top, spaghetti straps, light blue ripped denim shorts, frayed edges, black sunglasses, standing, outdoors, urban balcony, dark metal railing, concrete building, weathered walls, green potted plants, neutral facial expression, relaxed body language, midriff exposed, fair skin tone, fashionable, casual attire, youthful appearance, front view, eye-level shot, daylight"
https://futraichat.s3.ap-south-1.amazonaws.com/app_content/mallika/videos/1750872041_9001.mp4,"Female, long dark hair, black crop top, light-wash skinny jeans, silver necklace, red lipstick, bright smile, confident gaze, relaxed posture, standing outdoors, scenic mountain vista, lush green hills, cloudy sky, wooden railing, leaning casually, hands resting on rail, small forearm tattoo, vibrant, natural lighting, beautiful, engaging, pleasant expression, full-length shot, daytime."
https://futraichat.s3.ap-south-1.amazonaws.com/app_content/mallika/images/1750872042_MallikaFuturistic3.jpg,"Black mesh long-sleeved top, solid black camisole visible, silver shoulder pads, high-waisted black pleather pants, black belt, silver buckle, standing, plain light grey studio background, dark long wavy hair, alluring facial expression, direct gaze, confident posture, elegant, stylish, form-fitting, sleek, body turned, looking over shoulder, hand lightly touching hair, dark eyes, defined features, sophisticated"
https://futraichat.s3.ap-south-1.amazonaws.com/app_content/mallika/images/1750872042_9026.jpg,"Woman, long, dark, brunette, hair, black, tank top, high-waisted, jeans, belt, gold, earrings, bracelet, smartwatch, leaning, white, wall, pillar, modern, bright, setting, outdoor, indoor, plants, lounge chair, posing, relaxed, confident, direct, gaze, neutral, expression, slight, smile, makeup, manicured, nails, elegant, casual, fashionable, stylish, attractive, standing, natural, clean"
https://futraichat.s3.ap-south-1.amazonaws.com/app_content/mallika/images/1750872042_IMG_2444.JPG,"Woman, long dark hair, brown eyes, direct gaze, subtle smile, confident expression, standing upright, relaxed posture, casual pose, brown ribbed sleeveless crop top, exposing midriff, light wash blue denim shorts, unique red and white striped side panel, large gold hoop earrings, outdoors, lush green foliage, blurred trees, building structures, garden, courtyard setting, natural lighting, daytime."
https://futraichat.s3.ap-south-1.amazonaws.com/app_content/mallika/videos/1750872043_9004.mp4,"A woman stands on a sandy beach, with ocean waves in the background under an overcast sky. She wears a red and white vertical striped romper with spaghetti straps and a V-neckline. Her long, dark hair is loose and slightly windswept. She has a subtle, pleasant smile and a direct gaze. One hand is casually in her pocket, exhibiting relaxed body language. She wears hoop earrings and a wristwatch."
https://futraichat.s3.ap-south-1.amazonaws.com/app_content/mallika/images/1750872043_9006.jpg,"Woman, dark hair, smiling, cheerful, red lipstick, direct gaze, confident, standing, outdoors, mountainous, snow-capped, valley, brown earth, greyish-green, olive, puffer jacket, fur-lined hood, warm clothing, blue jeans, hands in pockets, relaxed posture, front view, pleasant expression, winter, natural setting, attractive"
https://futraichat.s3.ap-south-1.amazonaws.com/app_content/mallika/images/1750872043_9002.jpg,"Woman, black ribbed crop top, spaghetti straps, light grey high-waisted jeans, standing outdoors amidst lush green rolling hills, distant mountains, cloudy sky. She is smiling broadly, teeth showing, a happy and pleasant facial expression. Her body language is relaxed, confident, and posed, looking away from the camera with long dark hair cascading over her shoulders."
https://futraichat.s3.ap-south-1.amazonaws.com/app_content/mallika/images/1750872044_9027.jpg,"young woman, white ribbed crop top, thin straps, light blue distressed denim shorts, frayed hems, black sunglasses, dark hair, shoulder-length, standing, outdoor, rooftop, balcony, concrete building, green plants, metal railing, subtle smile, looking down, relaxed posture, hands touching legs, casual attire, light rain, overcast"
https://futraichat.s3.ap-south-1.amazonaws.com/app_content/mallika/videos/1750872044_9014.mp4,"Brown oversized t-shirt, light blue distressed denim shorts, rolled cuffs, standing outdoors, backyard setting, wooden fence, lush green foliage, direct eye contact, gentle smile, pleasant facial expression, relaxed body language, casual pose, one hand in pocket"
https://futraichat.s3.ap-south-1.amazonaws.com/app_content/mallika/images/1750872044_345a29b7f7b44f74b83d3179d4fa8e0b.jpg,"Female character, long dark hair, direct gaze, calm facial expression, subtle makeup, sitting comfortably, relaxed body language, indoors, on dark brown bean bag chair, light beige wall, dark grey curtains, wearing navy blue cropped sports jersey, red v-neck collar, red sleeve trim, white ""RC RCB"" text, team emblems, exposed midriff, light wash distressed denim shorts, very short, showcasing thighs, casual setting."
https://futraichat.s3.ap-south-1.amazonaws.com/app_content/mallika/images/1750872044_9015.jpg,"Young woman, long dark hair, white sleeveless top, red and blue triangle pattern, ruched waist, blue patterned bottom, standing on a pier, beside a large lake, background features ornate palatial buildings, golden domes, scenic architecture, mountain, outdoor setting, smiling, calm expression, direct gaze, relaxed pose, tourist location, bright daylight, appears to be taking a selfie, pleasant, clear sky"
https://futraichat.s3.ap-south-1.amazonaws.com/app_content/mallika/images/1750872045_9009.jpg,"Female, character, black, deep-V, one-piece, swimsuit, colorful, sarong, wrap, tied, waist, vibrant, abstract, patterns, red, blue, green, yellow, pink, gold, hoop, earrings, long, dark, hair, smiling, pleasant, happy, confident, relaxed, standing, posing, rocks, clear, blue, ocean, water, green, forested, island, mountain, background, cloudy, sky, boat, distant, beach, tropical, outdoor, sunny"
https://futraichat.s3.ap-south-1.amazonaws.com/app_content/mallika/videos/1750872046_9010.mp4,"Woman, long dark hair, dark eyes, pink lips, winged eyeliner, black tank top, sleeveless, black high-waisted jeans, gold bracelet, black watch, dangle earrings, light pink nails, standing, posing, leaning against white wall, bright indoor space, natural light, confident, calm, neutral expression, direct gaze, modern interior, relaxed posture"
https://futraichat.s3.ap-south-1.amazonaws.com/app_content/mallika/images/1750952146_Mallikareminder123.jpeg,"Woman, long, wavy, dark, hair, orange, strapless, crop, top, floral, pink, green, pattern, matching, sarong, wrap, skirt, tied, waist, midriff, exposed, beach, sunset, ocean, waves, sandy, shore, standing, looking, back, over, shoulder, slight, smile, direct, gaze, relaxed, pose, warm, golden, light, tropical, setting"
